59.3523406982
35.9111785889
26.4885425568
34.9572944641
76.2684402466
46.9000358582
118.037200928
245.173583984
66.4306869507
52.9525985718
43.1208496094
55.2911148071
20.323841095
28.418712616
36.3574447632
10.7304382324
38.427520752
50.81615448
86.559928894
33.454875946
11.1784410477
29.313501358
323.514068604
52.9850730896
39.2153205872
77.8574295044
32.3014717102
157.077651978
79.6105804443
20.0431957245
40.3138771057
35.9483795166
18.4419937134
51.8621177673
12.6286878586
19.1572360992
55.9727249146
20.9258937836
33.344871521
31.7511329651
15.342458725
87.2654800415
343.851287842
37.2074165344
37.3409805298
36.502696991
62.8290519714
35.5240898132
30.5547962189
77.987739563
79.5560684204
92.1859207153
23.4335975647
142.404373169
59.9873199463
40.3998298645
19.8491172791
25.749792099
154.792770386
98.013092041
18.2345104218
46.8562889099
37.3168182373
45.0695953369
66.9226989746
46.1161689758
101.370185852
69.9119415283
127.489692688
37.926448822
24.5787715912
58.9712181091
36.7817840576
114.944259644
23.089509964
100.660194397
202.366073608
37.3329048157
82.0587005615
85.1198806763
66.0901870728
51.5101318359
84.6338119507
44.7653923035
147.112823486
35.7338180542
18.410572052
128.239990234
60.6894798279
220.637054443
50.6266403198
35.2351264954
62.2926750183
119.423995972
63.6304550171
92.2269515991
43.0923728943
48.7491531372
148.797683716
17.925573349
12.2211456299
14.1889781952
38.7441520691
12.5741910934
38.8821372986
30.7132740021
51.9176979065
181.575637817
52.7371559143
63.9909439087
55.5843544006
12.9172754288
11.8881540298
156.441955566
283.809448242
35.0503616333
342.044036865
19.5997409821
54.0882949829
102.003074646
285.368591309
14.4186153412
92.7508926392
29.4053764343
35.8126411438
75.9978637695
18.4875125885
35.582485199
11.5198316574
17.5110397339
151.160842896
102.441955566
27.5231990814
36.9347190857
60.3085479736
13.6692485809
92.2789764404
28.5061340332
75.2077255249
22.3604412079
88.1521835327
32.5668678284
83.3603591919
18.6315803528
36.1555633545
86.6403427124
41.8705825806
54.2790641785
50.0402565002
18.0660190582
82.3013305664
94.5844039917
55.647808075
53.518901825
85.4108428955
58.0003318787
28.2864379883
30.5023593903
63.7999839783
68.6874313354
21.1348819733
12.0869007111
23.2685813904
44.2635154724
33.6394386292
49.8292007446
15.6760444641
113.185592651
49.1647033691
103.299560547
27.4035263062
25.5116100311
182.289169312
13.1351280212
48.9586601257
98.8582305908
49.4107475281
61.7219161987
71.0422363281
329.783294678
174.748336792
57.606918335
16.9811382294
24.4773693085
40.0318946838
39.1176071167
14.7927961349
29.958820343
44.1281547546
31.1627750397
83.2350311279
16.233549118
36.0420761108
44.4726638794
37.9839553833
16.215133667
36.2442626953
28.7781257629
40.7098274231
168.825271606
135.538345337
38.2429351807
34.3596992493
28.1202411652
76.8701629639
69.4585494995
73.2849731445
78.1339645386
98.1411514282
66.9930496216
21.8697528839
49.736366272
25.0363178253
39.6791763306
45.344203949
37.2345352173
47.8435630798
12.1047620773
79.1954421997
16.2755870819
46.4982147217
25.3501834869
54.1494674683
49.1488227844
18.8841991425
41.4965705872
16.9329147339
233.319534302
150.270172119
134.850997925
40.5413131714
47.9015350342
240.365249634
194.180465698
58.8887786865
94.5718078613
29.4326820374
12.1078739166
56.7711486816
122.708557129
27.7825870514
24.6758937836
40.7929153442
74.350982666
51.7321243286
44.1632804871
104.473594666
16.1885299683
47.3115844727
77.1356582642
59.6371231079
67.3700332642
169.805633545
19.7323570251
51.3160324097
42.9480476379
31.2873973846
83.2692260742
170.524841309
40.5308456421
21.8666858673
230.664596558
21.4272556305
78.0465164185
18.3941841125
36.6013450623
176.036849976
26.4794178009
91.4744796753
102.244056702
23.1853370667
11.5460157394
370.291900635
38.9682235718
73.5023651123
22.3658370972
107.113182068
96.2176818848
14.1737442017
24.1474628448
39.0884246826
122.406692505
49.8230628967
38.8564186096
26.3940582275
20.7656955719
27.1216259003
71.6168823242
80.3166122437
83.9056167603
21.7286968231
58.5506439209
27.2191562653
119.633598328
295.471679688
159.311538696
99.2810897827
293.794708252
16.6172447205
31.7116756439
22.7051010132
40.1703453064
38.1761817932
145.449951172
75.4830245972
121.841171265
15.4156360626
51.1724205017
133.586013794
32.3155975342
40.679271698
38.641784668
39.9841156006
42.1211395264
83.5843353271
11.8882131577
44.9584846497
87.5985946655
24.3315029144
181.305511475
70.9537124634
171.837493896
47.4678993225
34.8235397339
47.4358444214
34.2812843323
132.421325684
219.989425659
17.9010314941
41.56407547
24.4320869446
130.442276001
132.047668457
32.4035568237
23.9483261108
65.1894989014
55.2842826843
29.7947387695
69.0378952026
33.0697517395
53.4809455872
36.5871238708
36.3013267517
52.3053245544
15.4303569794
18.7581329346
137.350372314
77.9504318237
116.033111572
102.305969238
82.7608261108
60.433807373
22.58527565
48.5931892395
237.57434082
42.9633026123
41.9827919006
47.087272644
40.8571510315
27.4139060974
152.620742798
59.6455879211
91.4157028198
93.2689819336
28.9361915588
94.5133895874
86.2437438965
13.7978038788
29.7572402954
253.605926514
38.7399253845
80.2065505981
25.087436676
278.583709717
135.187057495
31.922498703
633.691223145
60.8266525269
16.0509624481
48.2905311584
52.6457214355
209.306854248
167.574813843
280.403320312
46.9453544617
32.7617874146
44.8755950928
27.5258102417
92.5062332153
78.297203064
35.5617790222
64.8039321899
27.3461322784
31.657251358