12.3965158463
28.3656005859
22.4542808533
25.7257003784
39.7118186951
23.7170677185
15.0177297592
84.7219924927
19.6463603973
47.2193641663
15.9700040817
13.0927429199
28.9522628784
160.142822266
17.3546772003
43.0798149109
21.014787674
62.8313865662
62.2255897522
110.88584137
86.2222824097
60.0153808594
70.1162033081
19.3583259583
32.1740150452
76.9847793579
62.2347831726
57.4197502136
17.3752384186
26.8814792633
102.246574402
40.8082466125
13.1203298569
52.0876312256
29.3453769684
27.8429336548
34.5232620239
38.3125419617
139.923278809
170.515167236
13.3488950729
14.3495950699
56.6732292175
20.2721920013
12.9436445236
13.7671422958
17.1274013519
19.8451061249
80.9614486694
63.7699356079
16.4370822906
12.6339759827
64.5847930908
193.052963257
37.813331604
18.8148727417
31.2060661316
86.8462982178
59.7931365967
38.4937057495
20.2845363617
50.2628059387
102.647445679
10.5374002457
11.2641830444
14.0162382126
28.0433158875
16.6416053772
36.1260490417
48.009677887
22.3150558472
13.1613759995
12.9403057098
93.6217956543
76.0980453491
21.2155189514
21.3245105743
58.5239372253
33.7959136963
13.6563196182
11.518237114
209.037460327
19.2969150543
97.4277114868
33.4118804932
23.4351520538
33.69581604
12.9481229782
36.4841842651
18.404302597
114.569374084
10.8832197189
25.8997955322
37.5103225708
434.642150879
152.273284912
36.4839706421
22.4736976624
47.2160148621
27.3076324463
74.9995956421
31.8024158478
67.4268493652
47.1041297913
114.115074158
34.5940322876
24.6417350769
72.1309890747
33.4035263062
15.6947126389
16.8459892273
12.8843860626
57.6440925598
110.577148438
14.5686368942
179.155471802
37.5969963074
76.0330200195
242.384735107
38.5187072754
55.6258163452
47.9606895447
80.6711883545
12.7889709473
22.935174942
106.530815125
40.0102233887
16.0913238525
70.7264328003
16.1308002472
22.6399478912
12.9798069
16.61510849
18.0416183472
102.398506165
119.120796204
34.9794082642
38.5328559875
16.7955741882
26.2056865692
19.8143539429
25.7404918671
92.1733016968
44.1202087402
30.2194366455
17.3989925385
52.6462745667
18.7735595703
12.2258377075
64.1514053345
49.621257782
19.2983646393
54.831943512
42.0951461792
31.4047298431
55.1930999756
15.6286001205
47.657409668
51.8969192505
18.3815746307
24.8773460388
41.2822265625
267.983459473
62.4210777283
182.312759399
16.9276885986
99.2286224365
86.3497848511
49.6294822693
196.050384521
145.809234619
14.278222084
50.7870674133
112.781608582
91.4215927124
90.2776260376
20.4119987488
47.5822105408
46.9060592651
100.585189819
24.5654850006
68.7070541382
77.9651031494
28.7509536743
38.37840271
32.5944366455
19.6466655731
20.2788009644
33.8870925903
19.9504795074
25.6278896332
36.5739250183
19.4088172913
11.8914308548
28.4261798859
11.9291410446
12.7647838593
35.7900238037
39.1989479065
64.2119827271
124.440078735
39.4645080566
31.6283016205
85.720916748
12.600689888
25.0039653778
26.5094299316
37.1173057556
36.0148162842
65.9573669434
58.0282402039
35.4445724487
18.970993042
38.1000862122
107.282226562
52.5653038025
34.9284439087
18.9310150146
195.552520752
44.7243881226
21.7092285156
42.9645233154
24.0827541351
144.025802612
42.1227493286
20.3215732574
88.225944519
23.9852981567
26.9211864471
151.385955811
42.0782394409
53.8178710938
32.0267906189
18.4886646271
18.6366405487
17.0266437531
10.7298564911
49.4990081787
147.458496094
29.639509201
18.831287384
45.8884963989
156.508255005
42.141494751
88.9644546509
14.3563652039
41.1983718872
42.6727218628
55.3641471863
53.1225013733
16.0317058563
32.7016525269
70.3212127686
94.5920333862
12.5844688416
22.5651760101
20.470249176
11.9534482956
139.882644653
30.4717597961
108.890525818
23.4412746429
36.3874397278
25.7150764465
37.0261421204
35.6242103577
39.3442344666
15.6428966522
36.6780815125
32.6996421814
76.7462615967
78.1082992554
93.0381317139
152.308929443
89.7994308472
53.9853057861
11.2000656128
20.7018489838
14.2205057144
35.7671928406
88.6081924438
103.010726929
56.6478462219
82.9882736206
30.6366214752
51.3897171021
98.615737915
56.4402999878
80.0712432861
33.8164482117
24.953994751
56.8624382019
119.420433044
70.9083557129
34.6521263123
49.0455818176
13.751663208
42.2965240479
16.1222229004
56.7732849121
76.6318893433
11.7168283463
23.4340591431
53.8830032349
16.3733844757
35.6564979553
11.4536743164
55.1082000732
49.5833320618
28.8856105804
15.585773468
100.136222839
89.4166870117
23.515712738
28.0577278137
23.9428405762
20.3225135803
11.5930147171
56.8890419006
85.4989242554
75.3618469238
23.8845539093
18.2467250824
65.6369857788
90.0327529907
61.2659225464
72.3172454834
19.7207584381
79.4047164917
53.0655097961
23.8186759949
19.3565940857
12.0026712418
18.2427940369
21.8995685577
13.7293252945
21.47747612
62.8742675781
90.7713851929
25.8741893768
16.5597343445
17.6563873291
101.682685852
36.1962013245
33.5162506104
13.6089544296
110.743080139
233.579803467
71.3876190186
32.0660934448
210.597976685
33.1980895996
20.1745948792
40.2552604675
16.3515300751
66.5888900757
49.5155296326
32.949256897
13.0996932983
140.426177979
106.004371643
11.2529239655
15.8550186157
47.0320892334
25.1889781952
78.197593689
96.7759170532
30.1300868988
20.1502780914
12.4436426163
45.094997406
106.357925415
19.5711860657
120.536361694
78.3887634277
11.3693370819
15.4853143692
14.9311904907
25.4024410248
28.6146392822
23.6544055939
19.4614906311
17.2818183899
33.6277313232
19.4902667999
32.2665023804
157.105209351
74.0256652832
92.226890564
25.5820140839
28.0931167603
90.4607315063
12.8880271912
75.6985626221
13.7792711258
37.9510688782
18.7327194214
33.4884643555
20.4232902527
39.897403717
77.7351150513
101.014526367
58.8586158752
99.1233596802
42.3807373047
47.0062408447
19.0390071869
10.9901685715
27.3021240234
44.0775299072
15.1146326065
56.7264289856
37.1218986511
32.4147720337
35.1626701355
13.6120204926
157.422912598
21.7294101715
80.2047729492
50.7712173462
59.2515411377
340.860412598
15.0001401901
15.7265901566
22.9839763641
20.849565506
86.9519882202
16.5566711426
50.1224632263
10.9867181778
13.4833431244
68.6810836792
104.307571411
24.8355388641
19.2010154724
59.907623291
42.0464744568
62.0214958191
62.1315536499
81.6421203613
53.9673271179
10.6690969467
25.6944713593
23.085313797
55.0200614929
22.2327957153
76.1379852295
43.0951652527
34.2076454163
20.2776947021
19.3096733093
16.7623538971
11.8616838455
40.8360710144
23.4367275238
26.5534553528
11.5975723267
29.5416736603
12.9602956772
22.749797821
74.1817626953
44.210559845
14.0731725693
125.190856934
12.4582090378
12.7152862549
62.6280174255
110.399520874
72.6125106812
169.204864502
48.7890052795
12.5623226166
51.0881576538
84.0024185181
53.1410865784
13.5033197403
11.7982311249
19.0284137726
49.0735931396
48.1648292542
49.7253684998
23.1549072266
20.8651275635
30.2549171448
12.558470726
26.8200378418
65.8908309937
38.3951950073
163.412643433
84.527130127
41.0715637207
67.2104797363
28.0547466278
84.3341217041
43.834728241
11.0901927948
27.6286411285
11.9452447891
16.2656917572
20.89569664
38.5238990784
104.700897217
34.48878479
19.016828537
200.412918091
26.8901481628
22.2698574066
52.7162513733
86.6969299316
32.1441612244
29.7263832092
52.4655189514
62.417175293
143.444885254
32.7904548645
23.4723854065
80.4133758545
33.5460739136
32.635471344
29.7026557922
11.6473703384
33.3456459045
48.137008667
68.7956161499
60.8365364075
26.0709114075
142.740127563
16.9629440308
14.8912343979
58.1252479553
12.2960853577
15.1226568222
80.2949752808
60.9447898865
117.418121338
52.1079216003
28.0259475708
36.4740715027
12.8923940659
34.2316360474
19.3289890289
38.6746444702
79.4403991699
26.7909240723
39.5859642029
423.378143311
153.453582764
78.01587677
46.9742584229
37.5914649963
26.5692844391
15.050786972
20.1695747375
91.3917694092
12.9345970154
21.9052524567
39.9517250061
94.5638122559
34.6545257568
20.5896644592
29.2110557556
17.5063800812
78.6550674438
13.3752937317
40.4223480225
23.1788482666
15.4166641235
24.6284255981
22.9047679901
80.0705718994
46.4612388611
36.8834915161
41.4141654968
28.8009147644
29.1093578339
36.8591003418
36.7541656494
57.447429657
55.0185966492
51.7080764771
101.729621887
23.9141254425
18.5331935883
70.8938903809
21.6158790588
52.73046875
34.7937011719
16.4692611694
44.6119384766
11.9994916916
72.4001235962
66.8529663086
32.9467163086
82.8259506226
48.5309753418
10.8037567139
55.088180542
14.3406143188
18.4453964233
18.4730033875
18.4785175323
44.1725234985
47.2897186279
10.9169845581
20.5504169464
31.5654907227
27.717420578
89.374671936
263.225311279
14.5178947449
18.4938182831
45.9727592468
12.8172988892
42.5372619629
17.1718711853
44.4539833069
35.2316932678
38.5846443176
82.9749526978
27.5651760101
92.5924987793
234.471969604
77.5357589722
103.4870224
52.481880188
20.2481899261
17.2358036041
194.806228638
29.6660289764
43.151725769
107.985580444
13.5298709869
123.81023407
26.6289768219
45.064956665
181.783157349
66.3746261597
40.4509887695
31.5037460327
100.578903198
101.139022827
54.9258728027
13.8683338165
77.5304946899
16.8552837372
29.3515625
33.6839447021
73.0111160278
16.2594394684
35.5138549805
23.5085067749
14.663819313
10.2839488983
23.0449371338
91.3724060059
135.628616333
59.3055305481
66.8711929321
105.828781128
11.8374795914
10.5382785797
58.5004425049
62.2447547913
27.5206031799
86.1267547607
33.0020523071
39.798538208
65.3314361572
19.5769786835
28.0981712341
35.4697151184
15.345913887
32.014831543
79.0647888184
26.2189311981
40.4729652405
49.7746543884
33.2152900696
21.3920402527
92.1849441528
49.7840270996
39.264125824
45.8175468445
19.2749538422
60.8096351624
29.8165569305
37.4677581787
72.0105895996
36.6300926208
75.5803375244
87.3883209229
26.2248954773
17.4408283234
153.964813232
60.0152320862
18.4889659882
68.7216186523
25.8171882629
12.9815187454
22.8918018341
22.5315799713
525.320617676
13.3005342484
49.9434928894
45.3219299316
18.6180801392
26.7457141876
51.9936180115
22.552406311
24.3370494843
27.7719783783
46.6194572449
15.1061306
36.8740997314
18.494468689
25.0899105072
33.4082183838
29.6621704102
56.2672843933
52.9856262207
20.1239681244
15.7640523911
44.6808929443
15.058423996
23.0105762482
91.504447937
44.5463905334
54.4874801636
11.1998596191
33.6838874817
65.6699752808
11.6830720901
177.961898804
64.8872833252
121.685943604
101.47693634
89.4761657715
11.6798582077
108.858779907
60.1286735535
12.2220592499
28.6519451141
68.5522842407
87.5907440186
132.139434814
109.036369324
11.9114208221
86.8681945801
40.4401435852
26.7779541016
16.1186981201
146.713287354
24.3048191071
93.5419006348
23.7367801666
13.5306568146
15.5633802414
63.5302467346
62.13854599
118.950317383
16.7365894318
35.6770744324
13.7341508865
12.884100914
56.6813163757
89.3701553345
56.981086731
72.5814743042
23.7584648132
43.9079551697
53.394329071
45.6268539429
30.3688812256
50.9488372803
39.2618026733
16.6597576141
29.4732933044
24.5291404724
28.3375797272
15.017449379
23.9300956726
89.490486145
13.6757526398
70.0439224243
24.8550281525
14.3069982529
17.3154716492
92.3318634033
104.260810852
130.179977417
15.4455986023
66.5195846558
11.1849517822
83.138381958
25.4268722534
54.4906311035
32.8281974792
13.3722810745
50.814743042
130.832290649
51.0030326843
14.0250339508
23.6576366425
15.6212282181
12.7391643524
114.880882263
44.0002250671
40.9506874084
19.2099838257
12.638256073
16.6028671265
65.2510375977
28.7366085052
16.8681087494
40.2563667297
40.3954238892
13.0469579697
37.8716545105
79.6666259766
45.1532783508
67.1937637329
79.8754653931
13.3645505905
63.8410224915
22.8188762665
24.4894390106
74.3155899048
24.0272159576
47.4929237366
99.7689819336
17.1003475189
86.1887130737
14.2487049103
116.191436768
30.2573890686
17.6176490784
47.5280075073
15.8420152664
28.2182731628
78.947517395
34.1752319336
24.503320694
42.4798927307
91.7509307861
27.794839859
21.7878303528
23.6681118011
151.448471069
73.8621063232
87.5029754639
36.6366539001
75.84425354
25.9223175049
48.0091323853
39.7504882812
46.2310218811
32.1600952148
52.1799087524
19.2661533356
13.9198818207
16.6426467896
123.340919495
11.167842865
82.5789871216
36.9884262085
57.0777359009
32.5464935303
11.511932373
41.037147522
29.3527393341
17.6154747009
100.151298523
123.397857666
38.7792472839
25.1918392181
29.9835777283
21.7696037292
25.2843418121
65.7287216187
18.0474796295
55.2663536072
19.2424430847
21.4838371277
82.5329437256
65.3680877686
53.3820037842
19.9789619446
38.5169830322
16.6219444275
51.0104675293
26.3264980316
55.7386703491
73.4184951782
41.6216850281
29.359954834
52.3823699951
11.1087388992
26.3671302795
31.7833042145
30.3146820068
39.2544898987
11.0099458694
172.721099854
27.5824317932
22.9335289001
21.23229599
16.8358955383
141.553161621
63.4764900208
103.3227005
50.738319397
46.8576164246
98.5130844116
35.5387382507
19.2752056122
45.1825256348
69.8118438721
45.1038208008
12.7867650986
14.0281715393
98.0166854858
45.0122184753
14.4554433823
10.5506067276
15.6839256287
38.7081108093
21.4872684479
45.3655891418
11.9024744034
33.6642608643
359.535797119
25.6344127655
15.15832901
46.9871711731
63.6563720703
53.139541626
62.2337722778
40.0525436401
38.0601921082
31.5358943939
146.539337158
163.061645508
116.115699768
12.4557552338
24.0679092407
27.8907432556
13.3103847504
29.0118751526
18.5535774231
87.2103500366
81.7066345215
39.3731803894
56.6894187927
25.0393428802
20.8305511475
66.558052063
41.8791847229
77.6332321167
11.0486660004
26.1307735443
36.5538444519
68.513885498
10.3855838776
85.2616577148
17.380153656
192.144592285
15.8945875168
103.507125854
201.291519165
39.386302948
25.3977165222
47.0204315186
15.7268724442
125.772956848
41.5208930969
40.2411422729
41.4952392578
14.5308971405
14.6908540726
19.5009803772
26.1050853729
26.5143127441
18.0590114594
67.4314880371
134.637908936
31.8411045074
35.2355804443
37.3712234497
18.9117889404
20.0715503693
12.6676054001
48.2706871033
25.8916320801
21.0287666321
20.7397823334
61.8943328857
29.5219306946
66.1326980591
13.8904714584
67.6328048706
79.4842071533
49.6372947693
18.1381549835
85.4302902222
22.3540496826
10.6342086792
46.8576087952
98.056930542
35.631401062
21.4253864288
41.2599525452
74.9722518921
160.351150513
76.6391067505
13.7393741608
18.030960083
69.6269302368
25.556722641
15.1776256561
37.8539733887
87.5043945312
36.5424423218
12.373544693
34.6358222961
267.64944458
15.2277822495
19.1602268219
50.0229797363
10.3478431702
54.1738204956
27.1649417877
71.8558197021
13.9777755737
18.6969490051
164.207382202
16.6324310303
11.4973249435
21.8181381226
46.0922927856
90.6072692871
104.564666748
23.6643409729
46.9124488831
95.24168396
44.6335487366
18.2319068909
68.4718093872
130.476531982
148.7265625
16.477848053
87.7782821655
135.336212158
66.2249526978
77.0067672729
82.6339035034
11.7543296814
144.787796021
31.8845691681
11.7983493805
25.2452144623
40.5843544006
87.4566192627
11.8906707764
35.5835876465
11.1737060547
13.4567661285
13.3083429337
62.2611198425
19.5660991669
22.7168922424
60.4234924316
31.0242424011
76.9075317383
23.1912631989
16.2072944641
16.3789424896
14.2967691422
156.960479736
137.554489136
16.9792861938
18.4631614685
101.176490784
112.089782715
42.6014976501
36.7285499573
27.2715339661
19.0625896454
10.9430561066
72.2259063721
138.589813232
15.5589065552
44.1195068359
75.7835388184
29.5094280243
11.0891571045
55.0110664368
19.8443222046
43.1973571777
13.230632782
15.2961397171
87.9503707886
36.4294815063
63.7355079651
41.1741638184
24.15092659
11.1831502914
23.7945613861
34.9028930664
11.7936830521
20.459695816
10.9599838257
36.9882354736
96.8394165039
43.921672821
78.3410873413
95.7749176025
13.5001182556
306.825958252
16.1926250458
28.8991947174
155.713394165
164.554260254
15.6544523239
15.9584264755
123.532775879
73.0128707886
133.462799072
60.5524673462
25.984495163
24.2460918427
98.2070236206
62.8703193665
41.6877670288
217.455001831
121.603256226
98.516242981
83.8360748291
68.7968902588
49.5798225403
14.9531288147
17.9297542572
19.6837425232
80.137802124
18.1897220612
200.016738892
15.4310655594
179.708312988
24.7264709473
93.9915237427
94.1785964966
10.073800087
44.6321716309
46.5202865601
93.090461731
33.1063804626
22.3396492004
58.0875282288
35.2318267822
11.7511234283
50.2360420227
75.2517852783
62.5553627014
87.424659729
38.3757896423
11.7934207916
19.577829361
96.0815505981
35.0993881226
70.3112411499
12.617351532
40.3414382935
17.9872894287
88.4647064209
104.862312317
156.196548462
79.7224197388
122.796310425
61.3623771667
61.7014350891
25.5166110992
12.8323106766
78.3396759033
63.4753036499
94.1694793701
34.9173126221
45.4086875916
18.4965553284
59.9837799072
27.6949748993
92.3165359497
12.2063837051
13.4170084
12.7420759201
83.046836853
13.9326944351
13.4679098129
133.804733276
67.3375549316
178.689865112
11.8784017563
43.0490264893
140.754989624
20.8756542206
19.7936649323
44.8819313049
14.7705011368
28.1609802246
135.369827271
128.940551758
66.9982681274
59.7593231201
13.517531395
53.4145126343
17.4827060699
27.3184375763
59.5519294739
89.1782989502
44.4305000305
52.4692687988
27.8512821198
34.1713829041
16.1886615753
12.162147522
36.7451667786
15.3113136292
36.9177970886
126.1926651
15.4580764771
32.1099395752
32.2940216064
72.6562271118
25.2360725403
30.3923473358
17.3377780914
15.4667062759
53.0276908875
24.7818431854
13.0403022766
38.8752670288
10.1064176559
74.7594070435
98.3273696899
96.9686279297
60.0868263245
40.9905662537
39.5201148987
63.8299217224
12.2720804214
147.846664429
66.953086853
294.640472412
122.581054688
15.3629026413
57.4819374084
15.3560934067
91.9297714233
91.7127304077
14.7027845383
57.301940918
30.0318908691
15.1553382874
11.8935375214
139.251846313
84.0648880005
72.1122741699
20.5594654083
106.61340332
70.8246765137
85.0949478149
70.2456512451
24.2245082855
512.643737793
42.8977050781
25.4290084839
159.972518921
63.771987915
86.3579711914
71.0600814819
61.2015609741
37.3499069214
201.902633667
50.3079528809
10.1796045303
127.68359375
56.7284393311
20.5783042908
15.41365242
63.2875099182
81.3894958496
98.6774673462
81.4238128662
11.9140024185
10.793589592
14.3606929779
48.1011810303
213.464996338
100.276344299
115.178161621
203.922531128
31.8132705688
83.7244033813
207.841522217
12.51912117
53.836315155
15.917881012
39.099319458
11.9145259857
11.2732181549
30.1640396118
57.4898986816
14.4640655518
81.6980133057
31.5310192108
90.4203414917
56.5881156921
86.12474823
33.2616996765
33.6168861389
11.0866966248
62.5749092102
84.950843811
11.6312170029
26.2597255707
67.5424804688
78.4359054565
24.7679862976
31.3969097137
40.4190483093
33.3250083923
93.5886993408
56.1416969299
16.9302082062
23.7202014923
38.9074287415
54.3721961975
103.014923096
40.1581192017
59.0459403992
14.1160869598
51.4611778259
93.2565078735
182.893859863
21.671087265
49.6500053406
13.396156311
37.1466331482
17.1124343872
11.5277004242
31.718290329
15.0020895004
37.2619590759
42.7882995605
19.2380428314
35.3395767212
33.8135643005
11.2824134827
107.557800293
68.985244751
30.9251499176
21.2120342255
37.1873779297
88.3943634033
29.8293209076
52.6843338013
121.247116089
18.648563385
67.7021789551
37.8447151184
12.7244005203
17.1074676514
39.3527641296
112.726867676
33.5800056458
12.0425949097
28.6960277557
102.154090881
17.6257324219
82.4240341187
166.2003479
51.4052352905
12.4004487991
34.5118904114
14.6226272583
42.9930953979
55.4048995972
92.6053161621
64.5137710571
37.1353416443
149.674224854
56.1988258362
14.5528106689
107.576454163
24.1291618347
15.0162448883
11.9953670502
25.6427650452
156.182052612
13.1233215332
33.5386276245
13.3535327911
41.254901886
14.5690221786
13.9947118759
71.3955383301
72.189239502
11.0508985519
285.876281738
59.6769256592
30.6872825623
285.461395264
64.1232757568
58.0655670166
37.9032592773
54.2487678528
19.0205955505
35.2331237793
18.9791297913
27.398733139
374.651489258
29.3346614838
46.4824409485
130.646011353
52.6262397766
196.829696655
75.5498123169
50.8083114624
111.239463806
140.7993927
72.428604126
51.381362915
130.290054321
127.53465271
19.0607414246
18.7756900787
19.5708408356
82.639213562
38.2620925903
49.0486488342
15.3082990646
64.6361465454
74.2690963745
106.447402954
143.313522339
22.3556041718
88.2403793335
13.6046352386
80.2687835693
60.4674377441
64.184928894
55.1249427795
23.3472080231
30.9339885712
65.0850601196
42.4238166809
50.2890434265
83.6627349854
110.915870667
47.0064201355
53.4457473755
98.0592193604
13.4213609695
18.793138504
21.893781662
36.5599784851
33.7130622864
13.4328174591
15.1413984299
91.33568573
50.5296211243
35.1866760254
111.567710876
75.1448516846
52.1157226562
75.6087036133
43.8799972534
33.1119918823
115.040740967
17.2359428406
115.541244507
101.68182373
170.920196533
122.658081055
22.2984600067
97.0564498901
35.5007553101
25.4337615967
30.0902328491
290.758087158
23.5150108337
14.607468605
79.7098846436
22.8389091492
89.8416900635
241.728317261
13.7867088318
21.8154296875
28.544670105
72.1088790894
155.308044434
51.0060119629
86.0530853271
355.85546875
128.170211792
20.5487937927
56.3862571716
29.0509471893
24.1536388397
30.9387378693
19.7045574188
15.9104156494
86.3497467041
25.3519229889
13.4451560974
166.979446411
86.3106536865
75.4814224243
30.0352611542
73.5458374023
10.8844499588
72.4011001587
59.4628105164
63.493812561
91.5513000488
10.272726059
44.5905189514
33.1981086731
125.78364563
29.2434997559
98.8098831177
54.0871734619
15.0868253708
172.678833008
31.147901535
95.3268814087
64.3726196289
36.5432357788
14.0852079391
16.8161621094
20.8358688354
74.3109436035
38.0539588928
13.7776908875
27.7746486664
11.475317955
15.9477853775
104.778030396
96.0578384399
25.5985679626
101.890052795
34.1638717651
25.3813152313
19.4827976227
28.6602153778
38.7376174927
10.8715820312
15.5053739548
25.5139923096
73.411239624
15.7284154892
202.464660645
11.7887554169
19.6799983978
67.8542785645
56.1945724487
17.8679046631
118.200843811
12.1738634109
12.8071098328
28.2306632996
12.4640522003
74.509262085
103.269119263
14.2571716309
35.6288719177
22.3739871979
101.933921814
80.5891952515
79.5692443848
28.8821868896
122.107872009
135.441390991
77.7708129883
70.5970993042
23.5958843231
36.0459709167
85.6293716431
32.3591270447
49.7527389526
70.0480499268
14.4320173264
14.4413175583
14.2472887039
150.850418091
25.9212360382
53.7519493103
46.2033538818
124.790626526
129.682266235
156.665420532
52.9202041626
54.8190116882
105.062507629
60.3378334045
47.241558075
40.3082389832
22.5393848419
35.3599472046
23.6228866577
105.879905701
33.511932373
19.9890766144
10.661901474
27.4542598724
19.9885082245
48.0463905334
21.5424060822
223.510620117
75.8409576416
92.2484359741
35.7541923523
38.4430389404
20.0630645752
220.884719849
43.5898704529
63.5141716003
52.3162498474
24.7508811951
39.2856636047
37.7794723511
37.663520813
82.5536422729
13.186668396
62.0131263733
22.1495380402
16.5367736816
19.7360172272
80.4068984985
84.5367584229
13.5716962814
22.2298774719
28.0293178558
26.3134860992
85.8538513184
45.646648407
76.986907959
38.5124511719
41.8219871521
40.5007781982
217.327865601
50.6347427368
54.5392456055
11.8663291931
42.2931556702
28.1024017334
16.0796756744
13.4242086411
73.1334686279
15.1184873581
43.1828536987
11.5911149979
14.5532569885
46.0888671875
100.887023926
92.8455581665
40.1121902466
19.3494434357
15.4418468475
41.9699211121
15.9695835114
123.796272278
25.4760417938
21.0324039459
22.7804718018
147.621017456
35.1519546509
86.4335021973
36.4757194519
18.2283916473
29.6810455322
37.78647995
25.2286968231
30.3189907074
28.3943538666
75.1141204834
80.3230056763
79.2028045654
12.2471694946
106.68170929
17.4191360474
26.5822620392
76.7136993408
15.2131404877
51.678478241
148.111724854
147.528274536
12.7243881226
26.5935134888
139.187393188
15.0019550323
28.4082012177
42.0672683716
112.63508606
32.740562439
35.4413414001
12.5753240585
144.599853516
28.7418861389
12.9011802673
83.1342315674
326.033691406
17.0285987854
49.7623405457
52.1964759827
53.8442459106
37.2093353271
32.5146141052
15.7217903137
41.8702468872
17.567817688
22.1033191681
20.189081192
89.3007354736
84.6615371704
17.1454219818
66.6585159302
22.3988647461
15.292388916
38.8875045776
85.7483520508
23.9369831085
13.7678852081
25.7455806732
17.6070404053
100.949508667
13.8545408249
34.3627433777
12.2936735153
25.7177886963
91.0324935913
24.5593910217
36.7085609436
18.9245624542
18.3423480988
61.0706214905
61.1851387024
125.140014648
35.9552764893
87.3521575928
74.1929473877
41.4812316895
86.4010162354
22.2902011871
13.1150035858
10.4102811813
28.5301475525
49.72133255
96.5360717773
29.819606781
123.034927368
38.4045448303
20.1369075775
253.668914795
89.1651916504
33.8902435303
314.03012085
48.2212753296
19.2885627747
41.6582260132
60.8637809753
26.9844913483
54.3372840881
229.022888184
66.9887542725
65.5421981812
147.352767944
55.3353157043
17.4020748138
76.2525482178
10.9985380173
30.2061138153
45.5666923523
52.4825363159
23.3120288849
79.5100631714
12.1010322571
118.29309082
22.4778461456
39.8156852722
45.4837684631
24.0824451447
17.0716571808
92.0546951294
31.9466495514
226.994110107
14.1888885498
13.0746212006
118.967216492
47.8135948181
80.3768234253
13.936753273
17.1303710938
79.959312439
43.1817550659
51.2421875
54.4824676514
43.3327064514
11.9441051483
30.0744132996
32.878326416
55.6796417236
57.7370109558
23.1418151855
26.6906967163
11.4410352707
94.8804473877
31.4631729126
14.2471380234
11.4548482895
113.627754211
55.5744132996
47.9288673401
25.1243915558
214.692550659
32.9692802429
110.309906006
30.7364749908
117.266700745
159.232070923
17.5605316162
29.7482833862
23.0473918915
90.9553222656
40.0699768066
17.8572025299
12.2964515686
56.5676345825
73.9619445801
11.3692073822
15.350274086
156.063079834
15.9443225861
29.9600543976
29.8018283844
16.154920578
33.48695755
148.306625366
40.6813087463
53.5818824768
14.3768386841
43.3944129944
91.5692977905
83.5267868042
14.1931247711
41.8380126953
31.3886184692
19.1104831696
63.4776000977
11.3677968979
112.955726624
23.7393856049
36.4150695801
12.714263916
148.077713013
92.9472198486
31.5756435394
20.2535400391
100.914459229
107.885299683
27.1721057892
20.434928894
28.0181179047
117.578224182
28.1965446472
53.2086296082
145.820068359
35.179233551
76.6063232422
53.5887489319
28.7537689209
13.058848381
20.8615970612
152.570007324
21.374546051
40.2105751038
110.967002869
35.6912879944
167.862258911
25.8025360107
15.9491462708
50.081993103
89.5021362305
11.8497581482
84.4944763184
112.194091797
20.1736888885
11.6622419357
40.5680770874
93.8565368652
78.5793075562
28.9066066742
20.7092075348
14.3548974991
19.1108551025
27.60389328
22.8049812317
31.0100059509
18.6450176239
69.4644775391
10.1328058243
291.702728271
24.0458030701
29.6657085419
37.0917396545
14.8294649124
35.1361274719
23.8826503754
10.8583545685
99.0112686157
31.8608798981
34.3720092773
20.3631343842
40.2268943787
78.4194641113
34.048538208
35.7137718201
66.1541671753
110.868736267
121.423950195
34.5641670227
122.079963684
128.929534912
11.0229511261
19.1097602844
65.1419830322
108.60382843
74.1528549194
71.9269638062
12.248046875
48.6750144958
61.2609596252
45.9016609192
26.8226566315
50.6645202637
43.9004898071
56.7757568359
13.3324069977
30.984998703
114.272514343
94.5427932739
76.1786193848
22.9261665344
148.503234863
57.2004699707
28.4515743256
27.678478241
73.8538742065
79.9655075073
84.018119812
21.1203670502
19.5345535278
34.1175231934
43.9434776306
45.4905395508
50.1911888123
59.7946815491
19.7862815857
51.8287315369
75.3668670654
22.6455059052
87.6005630493
11.9129161835
51.3543701172
72.012588501
12.052728653
57.0207557678
195.476028442
33.0327720642
23.0158634186
13.875128746
40.2859115601
29.8730545044
33.6714019775
17.1114559174
49.5256576538
14.2748298645
17.6268558502
88.7316207886
160.289993286
20.7059345245
40.0801429749
23.6696243286
80.0054092407
186.0909729
47.3227043152
16.0845890045
94.0470504761
14.2294654846
127.165306091
41.7729911804
42.8760528564
194.361602783
11.6095962524
17.6132946014
16.325969696
11.1296768188
24.0477390289
13.6452856064
37.3085746765
25.6068954468
53.0469245911
40.325969696
97.8450393677
24.827047348
16.3637256622
36.2286987305
134.995758057
16.739282608
119.30947113
44.7738113403
35.484462738
107.491592407
15.8181734085
20.2924728394
22.0018749237
57.3938407898
58.364276886
14.8914480209
73.1699295044
135.571746826
25.1459159851
83.9619064331
15.7147569656
129.194610596
28.0776519775
21.5283584595
48.2606086731
77.0935440063
105.907119751
54.879535675
68.9511413574
28.8099784851
34.265247345
47.7140541077
14.9172563553
27.0529727936
91.3525695801
73.9025802612
121.002128601
103.796386719
67.9225311279
99.3951187134
47.0349655151
38.6754646301
27.6618537903
13.5371627808
32.0548744202
49.9995231628
26.4012107849
25.3333072662
27.9065265656
11.6361904144
41.1407203674
25.7080860138
14.0889081955
12.7686786652
262.436676025
15.6199932098
60.7265663147
21.8024768829
33.0848045349
54.2379379272
111.484680176
39.4449501038
112.976135254
12.9938907623
68.5512084961
29.8465900421
46.5589027405
55.613067627
30.9410629272
12.3697471619
126.061767578
51.210269928
24.6241378784
100.315689087
67.1154556274
34.4292755127
69.0101547241
48.9967880249
21.0919761658
16.6859893799
38.4155845642
60.9308013916
38.8959922791
37.5816993713
30.2800483704
27.2205028534
37.7584381104
56.8325881958
44.5189247131
98.2377853394
101.664497375
50.7400398254
23.0619907379
109.673118591
19.0472621918
18.4650878906
14.6152276993
75.8048019409
18.9120254517
25.3855514526
29.166595459
26.0243015289
12.7820568085
23.9278392792
75.3996429443
109.200195312
85.1520080566
94.9145965576
74.544921875
51.408782959
45.9144668579
12.012263298
56.2781028748
47.2380332947
52.7255821228
309.049255371
75.1979141235
59.6175308228
65.9306259155
17.426815033
33.1835823059
63.3169975281
14.4291028976
131.192123413
67.6988296509
44.6195449829
45.9100265503
50.4937286377
19.8259506226
30.6476173401
73.3493881226
328.041351318
36.2743263245
32.9621925354
100.696899414
22.9753417969
53.2513771057
64.9236602783
36.537197113
14.4094171524
14.7249641418
60.4576263428
56.1602516174
35.5931968689
13.340130806
27.7222423553
49.9394493103
43.1312522888
50.4242858887
51.5008583069
96.1453475952
14.5988197327
15.9628200531
75.9323120117
135.827728271
19.19181633
38.2114868164
23.3094425201
27.7583942413
20.7485713959
19.6679325104
13.2534589767
18.9951095581
37.2269172668
14.8004598618
40.627746582
19.5312862396
41.9977455139
157.39163208
35.9952011108
19.8668212891
105.890640259
29.2213745117
16.6813106537
10.5723419189
22.0556640625
121.8073349
39.5054702759
27.2092494965
33.7449073792
29.467830658
15.3057880402
32.5300445557
28.8762245178
20.3717861176
45.9937896729
29.7122001648
27.345867157
54.1028213501
46.5287132263
133.317642212
15.6243190765
41.5191192627
34.0888977051
23.7762241364
176.441375732
12.7772979736
19.1371116638
15.7524242401
39.9688491821
45.2837295532
47.9533576965
66.5188980103
107.859634399
14.8666353226
18.9624080658
74.7821960449
108.645957947
186.806732178
13.3701448441
32.3297576904
10.5108909607
60.6714668274
56.6992988586
19.5668430328
22.4988021851
19.7937602997
104.83795929
14.1909475327
13.283203125
29.3090019226
109.580474854
18.599811554
55.4472351074
16.3194484711
69.1128921509
256.62121582
33.6067008972
12.5468940735
38.9894447327
15.6934108734
29.5034179688
122.596458435
20.422700882
44.5210647583
71.7816314697
200.052352905
16.4084205627
21.3617973328
19.60064888
22.9780406952
36.6245918274
114.5677948
69.059753418
51.5310058594
81.030708313
48.731842041
27.7378253937
43.6013717651
137.218429565
25.1747245789
83.3667602539
52.0261764526
17.4197425842
88.6847000122
17.781879425
41.7837562561
78.33644104
70.8851394653
83.0769805908
13.9242582321
43.2758598328
99.6441726685
31.5880756378
65.6762619019
115.300605774
105.746261597
177.477401733
78.740737915
39.3424339294
103.969863892
50.9761199951
41.7656097412
18.0330715179
26.6071777344
22.8240222931
70.6891098022
79.3650283813
60.3356208801
48.9137687683
24.8681411743
34.2459983826
23.2584095001
21.2918663025
24.0936870575
60.4615325928
53.9355201721
10.7902698517
50.6388320923
85.1684188843
27.9830265045
14.7753887177
25.2750244141
13.3816871643
16.3837776184
99.0430450439
20.0265922546
87.8053817749
11.0713033676
11.3794679642
19.6525211334
14.3833446503
55.3828353882
49.8805351257
47.4094696045
15.1375932693
24.2790718079
50.3361320496
17.0188808441
30.2337970734
13.9617910385
26.1006584167
41.4997291565
16.4770469666
84.3617782593
130.543579102
28.1687011719
27.3429470062
38.7172279358
32.9099693298
50.0599784851
20.7421150208
29.1389503479
177.160202026
91.5647354126
35.6824150085
30.2917957306
41.8069610596
36.4700508118
86.599647522
14.9787740707
26.5319099426
16.2907543182
35.0114250183
40.7250518799
37.3360786438
51.4726524353
32.4657821655
31.8295516968
22.589384079
41.1021575928
20.5239067078
20.5420017242
86.1028594971
21.1961460114
72.8601989746
51.956199646
11.5641269684
33.5419425964
61.7046890259
43.6985664368
104.88104248
37.6987800598
11.0324134827
33.0302467346
46.8596611023
90.6370620728
37.898815155
12.5306587219
22.3548107147
41.3746910095
38.1595344543
10.4248857498
60.1624908447
69.0545730591
38.7785758972
21.9667167664
27.40184021
16.2385807037
64.693145752
71.8740844727
97.9044952393
25.0844497681
10.4035215378
38.8191108704
17.7562046051
105.229515076
28.5952453613
153.218612671
11.4204893112
71.4127578735
45.6246871948
175.347595215
18.3726806641
62.1874160767
40.3003768921
17.4481220245
24.1160202026
10.4955787659
76.3247375488
74.4267654419
78.1493148804
51.5246162415
11.2364215851
69.865272522
18.2106342316
159.409667969
23.5501155853
19.9829959869
28.3499107361
77.9566574097
29.1129608154
46.0615577698
23.9394378662
43.9726600647
13.7453126907
50.3513679504
48.4893074036
94.8586120605
21.7926807404
82.3152236938
59.8173446655
52.3555793762
41.1581993103
31.4582939148
13.499080658
23.1877403259
22.2486839294
29.6414012909
15.1289491653
86.5176467896
166.408859253
20.8319778442
58.8693008423
34.1563682556
87.550994873
12.231757164
17.0316848755
15.678943634
116.640396118
59.2819519043
32.0256843567
81.0371780396
125.370574951
13.2069644928
72.4549713135
30.0893268585
34.2699394226
17.6725673676
33.5341453552
21.5617828369
12.6231012344
13.0750427246
245.483032227
40.3876724243
45.1890945435
91.6356201172
14.7770290375
27.8295040131
17.6899032593
46.5216064453
33.9384231567
136.093307495
19.3784160614
28.4909229279
62.7943153381
15.8260917664
14.7225093842
99.1432113647
42.6703720093
13.1650657654
20.7540988922
91.847328186
53.1255607605
23.056804657
113.909950256
16.8287620544
22.9558506012
36.5454788208
81.8126144409
34.1079368591
25.0716991425
63.0458679199
27.7294120789
42.3545265198
18.6821994781
27.0651016235
43.6719970703
35.9987983704
20.5678730011
92.8513259888
12.2265720367
10.7042264938
40.918258667
24.1503429413
29.550699234
12.6738805771
10.6322193146
18.0571174622
15.867808342
72.1500396729
15.0154418945
81.1674804688
39.673866272
62.8566932678
12.4442586899
28.5980052948
79.2577133179
37.0258331299
10.8954582214
69.2856521606
39.4684867859
86.4468383789
30.6569519043
21.4910888672
19.2001075745
123.062179565
86.9471664429
97.6635971069
16.5741100311
59.298625946
52.4698028564
101.747062683
39.5132713318
96.5501937866
93.3243103027
50.1269454956
23.7595119476
29.8090362549
18.5672206879
81.9148254395
14.7395582199
21.929731369
26.5004501343
18.3099498749
79.6563873291
55.2109718323
65.8618621826
14.044257164
55.8588790894
65.1964111328
37.9444847107
12.2049798965
70.7127685547
65.962387085
86.1735687256
22.4086036682
24.3449783325
14.44967556
70.4735336304
19.7066478729
21.6680183411
39.4926300049
37.9604759216
31.0465011597
405.431091309
11.3198080063
48.0194702148
11.3058252335
25.7293624878
189.077728271
144.597732544
24.4896793365
12.055768013
19.9786167145
36.2719116211
22.794588089
80.2573547363
54.7821273804
27.9094829559
22.9663963318
35.0457611084
11.0975055695
88.9930114746
40.2974700928
41.7713394165
67.5818557739
66.5895690918
26.7555522919
88.7442703247
12.57903862
24.8784599304
21.4714851379
103.166572571
26.4561786652
29.9017562866
69.8300857544
22.5571193695
15.2200613022
55.9846382141
16.9946937561
59.0285720825
16.166633606
17.3330001831
63.7926750183
49.5247268677
39.3546333313
46.2806816101
34.4711227417
27.7436656952
13.4543676376
38.8085975647
16.1466407776
22.5234508514
109.383499146
31.5267658234
16.8185329437
33.2872581482
20.4754505157
67.7363052368
34.2965736389
107.1615448
14.4378423691
219.343978882
27.9371547699
43.8551330566
19.5569229126
16.6079521179
19.5601863861
83.8006668091
74.766242981
24.6775684357
26.1948719025
57.991104126
53.4580116272
11.3313446045
27.1899166107
11.2423191071
219.390029907
19.5418205261
37.2127418518
46.5752792358
30.7618865967
14.3438796997
42.8002357483
66.4454879761
96.104019165
46.329864502
30.2222003937
117.716575623
21.9357643127
14.8369636536
56.1856498718
34.2171707153
46.6327095032
47.2168235779
84.0353469849
17.4497509003
53.7051429749
38.0970230103
22.4409370422
73.2186813354
40.1758079529
26.574546814
23.3068771362
12.6274318695
79.0675430298
15.9006967545
32.588394165
13.8957509995
20.2470664978
38.3596839905
13.3946990967
40.9293251038
43.4312210083
21.3925666809
43.0674438477
33.2062568665
31.5097789764
22.2569522858
58.8564033508
24.5517959595
54.4283790588
13.2840538025
73.4640808105
157.534255981
36.3920783997
37.5815925598
20.9339523315
34.3061828613
13.4732093811
64.7263336182
61.7208061218
18.8682823181
30.2383728027
50.6425361633
18.7817821503
130.652053833
32.3507499695
164.235595703
19.2797451019
48.8451805115
46.4642791748
18.3623180389
29.7573509216
22.145658493
17.2646827698
52.5744819641
31.0016899109
45.615978241
56.2086410522
17.7555751801
57.5059585571
84.486579895
29.3751068115
70.5612640381
19.2120265961
145.655654907
15.6885471344
75.004447937
40.8368644714
31.1131134033
22.8909778595
68.1820144653
16.1329936981
29.0647182465
69.5490875244
158.644958496
49.8478088379
21.3423728943
262.248657227
20.5718841553
66.2199935913
19.0662975311
46.2959442139
16.9410362244
22.2923412323
34.3905639648
14.199669838
56.1457595825
11.5367097855
31.2231769562
56.5670394897
59.2588920593
97.174041748
15.4583206177
35.2992362976
83.2596054077
74.4806289673
29.378528595
57.6352806091
101.801994324
11.8173484802
17.3441123962
70.3919677734
37.7094268799
197.630371094
30.9840126038
27.8589286804
72.3334503174
60.447353363
52.7442245483
28.6140804291
20.5625209808
49.0210609436
20.2820034027
167.396881104
91.9944839478
54.9014968872
47.2124671936
34.4326210022
32.0099868774
15.9141712189
73.8282089233
14.7491569519
84.0836486816
15.9156761169
23.7320861816
58.8948059082
15.6554107666
19.2486076355
28.173740387
61.7968902588
84.1923751831
68.0677719116
30.4770755768
16.7230815887
196.91973877
53.7443275452
84.9539871216
161.736602783
16.0144672394
50.4661483765
108.398010254
12.2103996277
15.587272644
51.3333816528
40.7221870422
227.419067383
97.895401001
153.208862305
15.4107809067
119.386756897
130.442169189
14.5423908234
40.2693595886
22.0039081573
34.0475540161
24.4261798859
21.7509765625
19.6658344269
218.554092407
36.6824111938
75.9859085083
36.1254425049
72.8245849609
25.7395210266
26.6504058838
18.0433750153
32.9568405151
22.7187347412
15.2599925995
16.9756641388
43.6646499634
46.3289413452
22.1497745514
76.1633987427
31.0670928955
13.3610124588
37.8867111206
50.9553947449
57.3862457275
54.1375541687
47.6006774902
53.1864051819
60.1419563293
232.785751343
59.1105308533
53.011932373
115.38394928
34.4959144592
59.2168121338
191.523635864
19.7182865143
11.5004043579
79.8609313965
16.1602420807
108.340667725
17.4864006042
37.972530365
52.4240913391
30.5123348236
22.4144802094
29.2321796417
27.6198043823
12.8098011017
90.7883682251
92.2465820312
44.0605659485
23.6504878998
109.421714783
23.5339660645
45.9585189819
19.6822662354
58.3910865784
65.9072570801
11.6390037537
101.003585815
12.4993133545
142.718032837
21.6925640106
41.3211784363
41.4024238586
11.472448349
25.9686031342
51.411026001
47.5386047363
12.7272167206
93.7004699707
77.8646774292
96.9773635864
289.297180176
11.3418416977
29.8925571442
113.107948303
63.3459472656
58.986328125
65.2797317505
47.3995056152
83.8436584473
48.2487106323
12.130903244
19.0454349518
29.7694854736
58.5059013367
42.5823135376
51.7318725586
50.8863296509
22.5709590912
88.0588378906
20.3927707672
27.5749664307
28.1561069489
15.6470775604
14.7547283173
38.5266456604
13.4257936478
18.8420314789
202.504272461
54.0934486389
13.0919847488
151.271011353
112.171325684
14.0245065689
25.1281318665
15.8236875534
125.333648682
27.0845146179
33.3090782166
88.895614624
19.3442058563
18.1199932098
63.1898345947
28.4169578552
70.1271743774
66.8123703003
43.6053161621
133.559570312
13.2866840363
33.3970069885
42.0231552124
66.5997085571
48.937538147
12.3413171768
22.9888381958
35.9575462341
14.2130746841
45.5253601074
32.3221321106
98.86378479
121.182495117
33.4904708862
38.5901145935
24.7441501617
16.4239177704
112.035720825
72.305480957
80.4281997681
32.7426490784
31.1663379669
33.0708236694
97.7440795898
30.735326767
17.8408412933
12.1538648605
16.8637924194
1537.74060059
105.574256897
44.4908866882
16.7460651398
31.3223953247
76.1869049072
31.5987758636
39.1659469604
58.925579071
75.8094329834
12.6029920578
37.8118057251
25.5813980103
28.0501251221
14.8377285004
52.1038284302
11.5968446732
32.2219161987
271.462280273
86.2449264526
21.1698665619
28.8945465088
11.0030355453
64.5002975464
20.5161190033
31.8631038666
33.9243202209
18.5616092682
290.514038086
49.4435310364
35.4401168823
16.789888382
50.296787262
65.9882965088
94.2026672363
28.6301040649
36.0472602844
28.2846775055
76.7652740479
11.8856067657
92.6688079834
75.3871307373
24.8257369995
16.308889389
42.9335670471
30.4151611328
49.4849586487
101.4870224
93.2997360229
18.8015327454
15.8842668533
23.5086307526
63.1096839905
19.9904727936
32.6917114258
36.2579421997
13.601319313
31.3878211975
54.519695282
27.733045578
21.5595912933
52.5809707642
20.1596622467
105.472343445
15.9926633835
45.5163154602
34.5810012817
57.8103713989
30.0123538971
47.1911582947
84.579284668
10.4451961517
183.854049683
97.9209060669
22.6282043457
24.4432029724
18.0234146118
46.069644928
13.7614030838
15.4012088776
71.1136550903
59.7675323486
81.8666534424
16.9487991333
35.0790557861
34.145488739
12.1677827835
25.4108695984
34.8924789429
36.7889060974
16.3257331848
42.6955871582
16.7631244659
36.1999855042
59.6864051819
33.4730110168
40.7347068787
53.6733627319
57.697719574
67.0043487549
11.9018688202
14.8101530075
167.923736572
26.5110816956
266.807678223
40.7356033325
42.1928100586
31.9340000153
22.0834541321
23.3375530243
15.3965597153
39.6425056458
59.7094573975
100.447944641
11.6958675385
32.4173202515
24.3150157928
16.1403541565
27.5371246338
100.56942749
145.350997925
69.495552063
53.6351013184
23.4910335541
33.494228363
24.111415863
32.3903770447
74.7943954468
53.9399108887
31.0001792908
105.63243866
93.5775222778
51.4088439941
45.0788497925
13.0296592712
50.7755279541
12.1820907593
31.1233921051
29.5991249084
11.9853658676
82.9531707764
30.3345241547
45.7702064514
30.9015293121
10.2739744186
48.4671287537
16.1097888947
29.1676235199
15.6088275909
63.8064193726
25.1462802887
24.753112793
171.440582275
21.1572151184
40.2954978943
228.006240845
27.6740112305
31.3255519867
11.1917419434
35.48254776
75.9010162354
10.3974428177
40.8219146729
40.1475143433
126.386306763
147.334136963
60.3530883789
23.702041626
88.0674743652
18.5247764587
17.3937168121
24.9989318848
71.5752105713
22.317697525
58.1991271973
24.9871311188
30.6784515381
14.0935668945
128.005386353
22.0803794861
14.3449993134
29.9884738922
18.5223464966
230.234664917
15.5365524292
20.9131011963
24.0523090363
16.3102760315
71.6506576538
149.54045105
48.7002372742
36.3079795837
123.198471069
42.3146476746
31.3503227234
11.6458082199
23.3519382477
13.3442363739
14.2403621674
34.6320762634
31.4797306061
15.5430898666
23.9968032837
15.0833864212
96.5268173218
41.6724510193
31.8126487732
145.745223999
45.6454315186
17.775308609
48.1049613953
17.7568283081
64.0558166504
20.6832847595
44.5758056641
86.9454193115
13.430847168
22.9982509613
29.6634922028
34.7694892883
40.4856529236
13.5840301514
243.772903442
22.5519790649
20.290845871
52.0191230774
17.8522033691
16.4644126892
142.663360596
31.6748161316
29.5627212524
12.5317525864
55.2489624023
52.3408660889
26.2405166626
17.6714248657
14.855881691
32.8583564758
85.8056716919
27.1032428741
15.350903511
69.4209442139
37.5233306885
14.7405719757
31.7223052979
17.1461715698
28.5314788818
35.8218231201
17.3976459503
12.1213130951
35.047416687
35.0066184998
40.5068244934
44.4130210876
42.3611183167
18.37225914
18.8267154694
45.9543800354
86.125328064
12.97265625
16.3768787384
43.7086105347
25.3870677948
50.5939750671
47.5809288025
35.3388137817
63.0273399353
26.6906757355
80.0972442627
16.3483638763
15.0311880112
28.5424079895
73.1798629761
25.9804325104
14.679731369
14.2670345306
15.8469944
16.688835144
101.219352722
21.9999008179
11.5246448517
11.3961591721
43.4181938171
36.9846420288
30.3983840942
20.9758911133
41.1704597473
30.9263210297
62.3386535645
87.827041626
86.5453643799
129.771759033
51.979850769
78.3307571411
57.4855270386
15.2251348495
88.2809066772
33.4484214783
28.3635387421
21.7701625824
51.9088401794
35.1625061035
67.3195877075
12.820605278
32.0115089417
274.159759521
165.263168335
50.3705406189
23.1188716888
18.1206684113
15.6195907593
53.7805976868
105.353225708
15.1416072845
13.5576334
18.3511962891
40.124256134
45.2774505615
41.7230911255
12.7848157883
23.5812206268
67.7029495239
26.3729839325
20.1104869843
99.6170425415
17.3673057556
183.386016846
12.5191030502
90.3792495728
18.4836730957
16.083070755
10.1834096909
15.9729681015
65.2442932129
32.5500640869
27.8137016296
28.430973053
32.6984672546
15.30128479
35.6733779907
58.4176254272
81.02759552
46.4199714661
23.3103961945
12.3014507294
27.8764095306
104.683258057
11.5316009521
11.580789566
22.3926849365
11.0506725311
99.5231170654
11.9591646194
47.5527496338
13.4267845154
36.0966491699
12.9092121124
105.949012756
27.6785106659
50.9064559937
84.005241394
26.2103023529
27.4232349396
40.8670120239
24.2327270508
14.195567131
51.2957267761
69.9964981079
28.5632762909
36.1119194031
55.0998725891
55.9857215881
20.0378398895
46.612197876
67.518371582
58.8006858826
147.408462524
39.4206008911
74.4668502808
41.3263549805
23.8642635345
23.6040325165
49.2824630737
10.2502222061
10.3953952789
35.0553779602
53.3442459106
35.5109977722
40.761844635
54.2047958374
32.4294052124
51.2112045288
18.1291866302
41.8141136169
32.3157691956
40.5996665955
13.2370471954
14.4713115692
12.2703914642
52.7804222107
47.092502594
21.8196926117
58.505355835
105.581008911
48.4280776978
99.7743682861
67.6128692627
30.5108699799
61.3221893311
12.7244749069
64.5265731812
47.4604721069
35.3196029663
215.432220459
55.2165985107
70.5029144287
44.5474700928
18.5313796997
12.7372350693
16.0594234467
47.8848342896
61.0442619324
96.8337860107
12.682053566
14.8117799759
20.9544734955
25.6589431763
33.081943512
14.5203619003
43.1843070984
16.8183879852
80.7916412354
43.4619789124
23.1054725647
14.6723146439
14.5796089172
58.0620994568
12.2101707458
22.0209636688
31.8372440338
17.2099285126
49.023891449
35.8993034363
59.9761009216
26.1548500061
22.1248569489
20.6976566315
18.412065506
26.5127105713
90.7091293335
28.6271533966
127.935249329
22.868303299
12.4574108124
26.0674228668
50.8104667664
116.741271973
38.8962364197
15.7597503662
123.474449158
12.5243234634
21.9457817078
10.9797086716
48.9815101624
50.998752594
23.908405304
39.0228271484
80.7524795532
20.7464771271
84.1170883179
122.83757019
63.8485412598
21.6355400085
46.7584152222
41.5517692566
80.6278915405
52.1980361938
21.5449390411
31.3207683563
31.2332057953
16.0891017914
29.4211826324
93.2945480347
12.9839086533
28.3031406403
19.3056793213
36.9896736145
64.1902160645
11.7115592957
71.8461990356
37.3135948181
55.1094665527
80.500793457
37.2947425842
17.2471637726
27.8831481934
28.8116474152
22.4569759369
61.0022659302
54.6766395569
18.1878013611
106.34992218
17.7404956818
27.833574295
63.1466560364
49.2382736206
58.7758293152
46.5269355774
35.7616653442
21.985906601
119.236183167
22.2624378204
40.8170928955
36.3496170044
12.8410921097
47.3942909241
18.3719825745
11.5587291718
24.2246780396
40.7640609741
10.7286262512
116.474502563
33.1219940186
33.7012443542
12.5266685486
28.0439662933
46.0279273987
22.1896591187
74.2225952148
37.7221717834
17.122253418
15.7202196121
26.3310947418
60.7339668274
40.2873954773
11.9220581055
35.134601593
16.1954441071
42.9830169678
40.4873085022
28.3406105042
28.9571933746
13.1964378357
10.6011352539
64.096534729
115.793998718
38.8935089111
17.6651096344
22.0143032074
30.2791671753
29.9868793488
27.0032501221
95.7289505005
13.0857257843
18.2293930054
50.0531387329
51.8887405396
13.675992012
216.864273071
26.0771389008
53.8187217712
14.3236284256
120.676231384
32.8793869019
15.4448661804
71.7447891235
33.8272247314
52.864654541
114.970687866
120.823616028
36.9954147339
44.5515823364
38.1869888306
16.4669475555
293.715698242
117.066352844
34.1027679443
65.6909332275
30.4217300415
13.1897144318
14.9695167542
173.075073242
36.2071304321
54.2715873718
31.4172515869
18.0204410553
49.6853218079
48.9625854492
13.6472969055
160.959655762
23.8824977875
39.5420913696
25.7970237732
12.8037281036
21.8111915588
14.8517055511
10.9964141846
15.9374608994
20.6481285095
15.8766174316
26.5792675018
20.8333263397
33.716960907
18.0143089294
41.927936554
252.319595337
31.0449924469
44.8116111755
46.676525116
15.610001564
99.9747543335
81.6160964966
80.6237487793
10.3485574722
57.1709403992
72.90574646
48.7498931885
10.7121629715
12.5207309723
16.7150287628
122.105644226
13.0529546738
98.8041915894
46.1019935608
102.686897278
23.7538852692
43.0865592957
18.5655784607
12.205581665
10.3827257156
38.9740219116
32.7216720581
20.640712738
10.563290596
23.7180557251
55.0645980835
12.0910205841
31.5471839905
103.297172546
88.2943191528
18.3493309021
17.1194133759
13.3348836899
23.5243835449
35.1954460144
10.4071912766
51.550201416
38.8565940857
11.5951070786
162.063446045
31.3332691193
17.0663032532
21.9428462982
29.3664245605
15.6735744476
56.2393608093
10.9805746078
37.7854728699
11.5657529831
34.017993927
31.1427669525
16.0779914856
18.0383987427
17.617937088
13.5216913223
25.670331955
22.5816802979
47.7617149353
40.9819221497
53.1499443054
20.5477924347
22.1529788971
40.2979202271
84.5938720703
15.4287347794
19.2358760834
28.0213451385
136.156616211
69.5107879639
63.0362243652
50.2334632874
38.2332458496
53.7667884827
14.4894323349
57.8396720886
17.5255966187
75.2132339478
17.1973381042
38.9806289673
87.3496627808
78.8935165405
14.7497587204
45.2055206299
27.5517501831
70.8742599487
88.2477722168
40.0362968445
22.2432136536
121.59513855
54.5079917908
59.3598022461
22.9719390869
18.4312839508
33.7020606995
48.3034248352
24.3056507111
94.178894043
72.2832107544
26.6963653564
57.1137428284
28.3407249451
39.4586524963
13.3431901932
15.5053606033
43.5107345581
18.6563224792
134.724060059
92.6241226196
57.9955062866
14.0445871353
30.3280124664
10.3049755096
45.9008560181
29.5723838806
24.9497528076
14.2187290192
75.6062316895
51.0175628662
129.652023315
77.6825866699
44.0226097107
57.5390281677
15.7999258041
12.1256608963
25.8774986267
109.354278564
17.0103588104
286.708953857
13.7610530853
25.3620834351
35.1537361145
60.785484314
15.1249914169
19.0987071991
15.5036220551
122.879432678
11.4540643692
73.8067550659
33.2177658081
12.8892278671
13.8318586349
62.9335632324
33.8965110779
32.2930679321
111.458145142
38.6471290588
16.3970146179
16.6868362427
45.6272468567
48.4736976624
49.5401268005
25.324426651
50.6344604492
18.6932239532
36.6281738281
14.7603597641
53.10496521
14.0748128891
39.808391571
196.188446045
82.1023330688
62.9769859314
26.750125885
15.011803627
44.3219795227
42.5999488831
14.8539085388
46.4357643127
81.9764556885
11.9677562714
51.3953399658
35.2488250732
50.3913879395
11.9131994247
13.5111560822
16.3794994354
160.994415283
17.1696910858
31.4463977814
31.8209514618
44.9270744324
74.7506332397
24.389339447
14.9793214798
50.665184021
48.8581542969
10.240395546
132.117172241
54.0761260986
224.525665283
30.2519874573
112.596832275
10.8990707397
19.4792881012
87.7561645508
23.8269481659
29.4269943237
22.4090995789
31.5247268677
33.6125030518
18.9026966095
75.480506897
58.1682434082
19.6239261627
47.3470954895
47.2933998108
23.8786582947
45.1320991516
11.8629665375
22.0778160095
176.8099823
72.6581954956
71.0380935669
106.279907227
52.619228363
25.6819572449
13.3187360764
26.9285202026
138.334106445
15.7283706665
23.567697525
11.38331604
28.943271637
42.5605888367
20.5744743347
46.9872055054
63.0455207825
26.9160842896
21.2658081055
32.5352554321
56.6010284424
40.7982940674
103.676971436
42.9387130737
26.0274868011
31.8423213959
38.9061203003
60.3763999939
30.7104454041
47.4721946716
16.202413559
17.4130172729
14.8622283936
19.403842926
15.3387794495
132.192810059
28.8492603302
116.064529419
21.189540863
15.8444671631
66.7810058594
36.4672737122
58.7816848755
109.803909302
35.5762329102
18.836725235
15.3963813782
13.3485374451
14.687661171
29.3814525604
34.149848938
37.4548454285
46.0109672546
66.202293396
14.3557453156
17.9063186646
51.9674682617
93.5598144531
142.084335327
36.6902885437
216.755157471
44.4638290405
17.8738899231
79.338684082
78.6823425293
58.930480957
41.3543815613
13.5115699768
26.4485797882
78.5304412842
28.561788559
69.6109390259
149.639297485
29.3501796722
17.7673683167
96.0505065918
14.5600643158
21.2172317505
17.8711585999
131.70413208
14.1557350159
58.9458656311
15.9644269943
98.2877120972
74.1713867188
15.6152563095
11.1430063248
11.6218967438
25.7721920013
59.913356781
12.7911539078
16.0270080566
33.4431419373
20.4557437897
65.4896087646
50.3709793091
77.8854522705
24.4169883728
46.4953422546
41.058681488
30.9774131775
47.9079475403
15.2672367096
123.166999817
15.0148544312
27.0029029846
13.1395273209
14.091255188
11.4615678787
18.3438568115
111.510063171
27.1021137238
72.4078521729
37.8302726746
57.5543403625
100.282081604
44.2440872192
64.6400604248
17.984998703
54.0284919739
14.7899599075
48.5352516174
66.4095458984
21.5591506958
23.340215683
54.8812599182
53.1523704529
27.0314273834
57.3842468262
14.0027675629
27.9592266083
15.1171865463
56.4898490906
74.1610412598
27.8219795227
46.5241546631
17.1586151123
34.2024612427
95.3725585938
113.420059204
65.1195602417
37.031917572
165.707962036
23.3737449646
56.8405952454
121.305526733
10.7152700424
36.085975647
28.281496048
19.3125095367
107.393241882
50.1074714661
85.3122787476
33.9399719238
23.4658527374
11.7954826355
89.6777267456
22.8978404999
30.2794380188
22.5741481781
52.9071464539
12.9854192734
98.6185150146
114.216720581
14.9498872757
69.3140106201
25.9484863281
12.9173517227
37.4743156433
69.1039352417
37.7869148254
22.7587165833
63.0634422302
74.8876571655
62.1945838928
46.0025596619
18.4453792572
52.102809906
53.9121055603
26.9907550812
68.9992370605
25.143289566
49.8102378845
33.0644264221
15.3341493607
17.7799320221
26.3825244904
10.3943986893
12.4025526047
44.7661399841
33.4916419983
57.7882652283
15.4388389587
10.4284381866
64.5722427368
12.673116684
26.6285095215
62.1628189087
41.9597625732
15.478474617
55.3781433105
16.295589447
17.4141311646
27.4777984619
80.5744552612
36.775894165
183.477920532
14.4027385712
11.7074747086
21.0172710419
36.7636604309
51.8529701233
57.3651046753
33.5823745728
19.932100296
29.5671234131
51.8751792908
59.8941001892
52.2393188477
28.7066364288
32.5836524963
15.4530096054
60.8939476013
25.5544719696
49.4279441833
11.7394161224
16.4981365204
87.9577713013
347.231414795
58.7694206238
12.8649749756
39.8458900452
24.1087169647
68.2646179199
13.0808887482
28.9167537689
11.6901769638
21.9543590546
40.9147415161
13.902841568
13.5915527344
26.9009380341
104.872055054
38.8794250488
138.065139771
11.65508461
46.0328330994
51.7889480591
66.7880859375
10.702662468
48.1614456177
51.7347793579
11.2332029343
115.694511414
102.464302063
59.2059669495
29.1136608124
32.4492683411
41.6680412292
49.5584259033
33.2343101501
82.7513961792
13.1913328171
31.5040512085
13.6902360916
49.114818573
43.2326316833
26.9485340118
27.7173538208
134.726531982
38.8592300415
27.6029319763
11.2279510498
15.2842559814
44.7694091797
11.814324379
25.7032833099
64.3576049805
24.7403621674
43.6418113708
73.4286346436
23.5365257263
39.2550582886
45.5686721802
90.1287689209
26.0871944427
51.8135147095
192.057983398
22.8427886963
16.4131946564
238.617294312
71.3271102905
61.1654510498
106.009689331
33.3961906433
32.8643341064
29.4449119568
71.6934356689
15.8559265137
25.8996906281
43.6862831116
23.9579048157
54.6035575867
19.125875473
40.1078338623
39.2982826233
47.6460113525
14.7065353394
18.173538208
42.2451972961
84.193359375
29.4822750092
15.7175512314
20.3202381134
151.844909668
11.5553970337
82.9063491821
27.5325584412
11.2480096817
75.0114822388
10.2346906662
35.125869751
41.4905357361
13.9738998413
36.4668960571
37.751121521
39.2382316589
21.9968967438
35.5682754517
74.8521957397
74.6913833618
12.6070165634
87.3125991821
40.1842803955
28.548122406
21.3433017731
46.0260620117
64.1495819092
21.9838447571
12.2393465042
26.8801040649
29.6277084351
43.5371322632
37.9379844666
15.1361265182
82.7583770752
66.8762283325
52.9951629639
27.4681854248
21.7834644318
27.5987892151
20.8372859955
19.4015579224
14.3280534744
158.031402588
62.8158950806
38.7849617004
17.4151000977
159.63722229
43.4153022766
63.1492958069
35.4805259705
10.6543617249
12.7034778595
27.8989849091
78.8801269531
14.1693477631
29.9108486176
84.8799743652
24.8878612518
74.402557373
85.1578063965
44.937374115
65.4741210938
109.311576843
27.4139881134
44.5317344666
55.9366645813
31.8756580353
81.8961639404
45.5697212219
26.7259025574
13.1393938065
19.1830348969
90.4020614624
108.960617065
81.1659851074
16.3345870972
58.9980659485
11.7820196152
25.5949459076
62.2152557373
21.6064853668
22.4826984406
43.5235176086
94.5785903931
11.7391252518
23.9883232117
16.2150650024
17.9560832977
37.8582115173
97.7025222778
46.5624923706
80.0090255737
25.377040863
40.8217887878
21.8890171051
151.807510376
19.530626297
12.9461479187
53.0693130493
123.063453674
17.0849609375
22.844083786
19.553571701
60.8034477234
13.6505718231
18.0503768921
30.2623977661
227.985107422
46.9521598816
100.271850586
18.6395549774
12.3924236298
214.37638855
32.6854476929
17.736164093
30.1117210388
12.9587182999
37.9391708374
73.0211868286
11.3413324356
15.7441082001
42.4316101074
61.7117080688
12.0154542923
32.1102027893
230.300796509
12.6041889191
45.9465789795
219.701034546
15.5697784424
45.0349349976
44.9546127319
263.097808838
28.9836025238
11.9549827576
11.4312973022
27.1027393341
126.213775635
59.4233856201
109.615791321
22.5166778564
41.5124931335
66.9832458496
20.9473247528
57.7806129456
35.2127189636
78.0298995972
65.116607666
31.0962352753
38.5443496704
38.3414955139
30.1253890991
77.8885803223
17.7190704346
32.2619819641
70.3480682373
24.7711658478
42.0551986694
18.3149185181
26.075044632
295.422668457
20.4272480011
56.9992446899
61.200050354
40.5111694336
21.0705051422
15.9595127106
111.121292114
15.6241416931
68.6164932251
12.2861881256
17.4643802643
104.622543335
11.6261758804
140.00958252
43.5683937073
56.2154998779
21.0126037598
21.754442215
24.4759426117
22.0332450867
19.1120166779
103.401130676
47.2970237732
29.8767566681
71.4231414795
39.1246681213
45.0298690796
25.1669006348
42.3953666687
25.5092048645
15.934384346
66.7109222412
71.7526245117
43.7244110107
16.5284061432
168.7315979
19.6507816315
53.1695976257
26.2213954926
29.7879867554
27.246301651
15.924829483
38.852897644
50.5976371765
24.1829395294
17.5560588837
610.18762207
117.928451538
29.0088996887
38.0529441833
38.1631507874
21.2549152374
84.154006958
61.9062957764
11.4124155045
16.1815681458
19.9075603485
33.3933830261
97.8695602417
10.4774971008
59.7241134644
96.9126052856
55.8618507385
59.7768554688
13.1270856857
71.5543746948
46.1344795227
10.7776937485
58.7216529846
12.9706335068
33.660697937
17.2074565887
32.8354721069
34.1915473938
48.7553215027
15.1411180496
94.2892074585
22.676820755
25.487487793
36.2646217346
19.8307666779
264.440246582
61.0892753601
67.8244628906
30.8271045685
16.166267395
31.6184997559
79.5712203979
25.984249115
46.3210296631
2201.59301758
53.9963760376
29.4208164215
60.2504692078
13.9022102356
15.8846893311
27.9632530212
38.6396369934
39.6720619202
18.2216873169
84.2748718262
46.3178329468
13.6421747208
27.8226242065
28.6499500275
21.6088657379
36.6267204285
52.4614105225
239.073608398
48.6019020081
47.1857376099
107.603729248
11.8681716919
17.2932319641
21.5531826019
15.4308404922
28.2124881744
20.4754600525
30.9374027252
22.9757041931
16.8449668884
28.4293727875
36.7217788696
12.3739805222
30.5320453644
23.6830558777
52.9657783508
31.0699882507
22.6405639648
127.183761597
46.5671081543
33.4625205994
185.626800537
211.833892822
45.8556404114
179.974807739
10.9688663483
38.3558578491
106.733886719
19.2526950836
25.6612968445
20.1858959198
44.7488517761
19.6458568573
299.681030273
51.3667068481
29.7509059906
32.1928939819
23.293926239
44.459728241
26.1956691742
67.0495147705
16.4761276245
48.4410018921
63.2188606262
47.6745758057
28.2983226776
69.7277755737
19.8195304871
32.5135498047
97.6118774414
21.8717937469
32.953578949
13.8993825912
15.434551239
52.2966003418
87.7223968506
27.1997833252
23.4244670868
65.0167999268
47.3568954468
61.9137496948
41.9260444641
83.1681289673
21.9766941071
13.7469120026
29.9069404602
60.7857131958
13.9354667664
16.4171447754
106.920280457
47.2554893494
15.8388080597
11.7140283585
11.3643989563
45.9741783142
53.6109199524
45.2133712769
91.2829589844
24.8267021179
37.2404136658
21.9393634796
135.324951172
19.7226963043
50.0887756348
14.2102031708
34.2258796692
31.9411067963
19.0657444
260.833282471
10.169629097
68.2197723389
134.714385986
156.666427612
81.842956543
15.2114334106
21.4436531067
32.5259857178
37.6857681274
19.0415401459
30.5012359619
15.8059053421
187.944168091
46.9542350769
16.6908302307
32.108997345
15.2976713181
15.1247396469
181.367080688
21.0373268127
36.576587677
19.772819519
12.3829154968
33.8658485413
64.0006027222
32.5919189453
30.3222675323
13.5530147552
60.2187232971
17.6883163452
22.9849243164
50.9308052063
119.366241455
38.6986274719
25.3102035522
24.460144043
27.7334270477
22.2537612915
48.1820907593
33.7448654175
39.6774406433
38.0835380554
58.0905647278
11.8839845657
59.0668563843
18.6516475677
22.6247806549
25.2364749908
25.5109825134
41.0344200134
39.4481544495
13.0121192932
152.029907227
37.4092407227
103.34815979
105.894638062
26.4549808502
31.995716095
95.5705413818
57.6330986023
26.8760929108
105.694473267
24.60039711
33.9535675049
38.4805221558
63.3375015259
104.326934814
118.871429443
45.3588600159
72.5434951782
52.6221618652
49.5112724304
31.2638473511
32.7055473328
25.0852622986
20.5833301544
101.119903564
24.0607643127
12.3545427322
28.5103721619